51
temple0001.png 1520.400000 0.000000 302.320000 0.000000 1525.900000 246.870000 0.000000 0.000000 1.000000 0.01551372092999463200 0.99884343581246959000 -0.04550950666890610900 0.99922238739871228000 -0.01713749902859566800 -0.03550952897832390700 -0.03624837905512174500 -0.04492323298011671700 -0.99833258894743582000 -0.05998547900141842900 0.00400788029504099870 0.57088647431543438000
temple0002.png 1520.400000 0.000000 302.320000 0.000000 1525.900000 246.870000 0.000000 0.000000 1.000000 0.01614490437974924100 0.99884677638989772000 -0.04521569813768747100 0.99856922398083869000 -0.01380176413826810800 0.05166252244109931900 0.05097888759941932700 -0.04598509108593063600 -0.99764047853770654000 -0.05998004112555456500 0.00374555199382083440 0.57175508950314680000
temple0003.png 1520.400000 0.000000 302.320000 0.000000 1525.900000 246.870000 0.000000 0.000000 1.000000 0.01705593519923021000 0.99885654318139749000 -0.04466207807736556600 0.98284888271077153000 -0.00854576872467372430 0.18421466714431800000 0.18362235383707279000 -0.04703802696344126100 -0.98187079353177587000 -0.05997257241836466400 0.00319966369542803480 0.57303277427659483000
temple0004.png 1520.400000 0.000000 302.320000 0.000000 1525.900000 246.870000 0.000000 0.000000 1.000000 0.01788505689126488500 0.99887177423481233000 -0.04399208311724346600 0.94958883957466222000 -0.00319634059872218580 0.31348176846831644000 0.31298747657892384000 -0.04738103042120549200 -0.94857465571297128000 -0.05996626278058045400 0.00248834548056095330 0.57422630487327464000
temple0005.png 1520.400000 0.000000 302.320000 0.000000 1525.900000 246.870000 0.000000 0.000000 1.000000 0.01861747354525196400 0.99889219774769511000 -0.04321766950648040600 0.89938262942941383000 0.00215105818488446920 0.43715701850630145000 0.43676569869831283000 -0.04700798046571205700 -0.89834624405799657000 -0.05996122480946898500 0.00162429102352259700 0.57531438240283272000
temple0006.png 1520.400000 0.000000 302.320000 0.000000 1525.900000 246.870000 0.000000 0.000000 1.000000 0.01924011535779444200 0.99891744926724912000 -0.04235265647431638700 0.83312617031885461000 0.00740100454912214450 0.55303346143023058000 0.55274822685455760000 -0.04592553408591527200 -0.83208187279141332000 -0.05995754840644305900 0.00062291917342887238 0.57627759037697035000
temple0007.png 1520.400000 0.000000 302.320000 0.000000 1525.900000 246.870000 0.000000 0.000000 1.000000 0.01987998005233634200 0.99918298475008627000 -0.03518734685973922600 0.04907743562408647300 0.03417662870152198700 0.99821007977437393000 0.99859711180519761000 -0.02157130122424687900 -0.04835790791391258300 -0.05997218849394168900 -0.00850933196149366090 0.57842790571490921000
temple0008.png 1520.400000 0.000000 302.320000 0.000000 1525.900000 246.870000 0.000000 0.000000 1.000000 0.01942040357844943700 0.99922540321420728000 -0.03422632753093731600 -0.08447580493476965200 0.03575027528962152600 0.99578399073159374000 0.99623626028441281000 -0.01644723040882951200 0.08510465502195503600 -0.05997959582765699500 -0.00983525467336987540 0.57801269156163460000
temple0009.png 1520.400000 0.000000 302.320000 0.000000 1525.900000 246.870000 0.000000 0.000000 1.000000 0.01883672393730216300 0.99926670361711012000 -0.03333515971919732300 -0.21652229245214624000 0.03662688978150998400 0.97559036886195227000 0.97609593519416771000 -0.01115912125248433800 0.21705344804977231000 -0.05998803689773742100 -0.01109399862339756000 0.57742445639368323000
temple0010.png 1520.400000 0.000000 302.320000 0.000000 1525.900000 246.870000 0.000000 0.000000 1.000000 0.01813935675518470200 0.99930614896279235000 -0.03252974610509017800 -0.34470568833071069000 0.03679082919719560400 0.93798956461116001000 0.93853553591164507000 -0.00580133882274383800 0.34513387590745798000 -0.05999736107526726400 -0.01226310182103555400 0.57667369712965277000
temple0011.png 1520.400000 0.000000 302.320000 0.000000 1525.900000 246.870000 0.000000 0.000000 1.000000 0.01734074674628317100 0.99934303533792734000 -0.03182445952187531300 -0.46673852369320579000 0.03623916799153605700 0.88365257494332439000 0.88422533836289030000 -0.00046949425921892843 0.46706030721114866000 -0.06000740196766692100 -0.01332170128976049500 0.57577381128050020000
temple0012.png 1520.400000 0.000000 302.320000 0.000000 1525.900000 246.870000 0.000000 0.000000 1.000000 0.01645514503951313300 0.99937670450964389000 -0.03123188571272313800 -0.58044313700527150000 0.03498175063874183600 0.81354904082404789000 0.81413450541369869000 0.00474126625416664870 0.58065697919606463000 -0.06001798039615864600 -0.01425090645823723700 0.57474085724089485000
temple0013.png 1520.400000 0.000000 302.320000 0.000000 1525.900000 246.870000 0.000000 0.000000 1.000000 0.00926810117343178540 0.99948149867584823000 -0.03083563045114108900 -0.99983453485743168000 0.00974525908319584870 0.01536010520224960800 0.01565264217510319000 0.03068816922010331200 0.99940643937431994000 -0.06009087964566607600 -0.01609469239302158800 0.56554209518601328000
temple0014.png 1520.400000 0.000000 302.320000 0.000000 1525.900000 246.870000 0.000000 0.000000 1.000000 0.00832213195757514760 0.99947453560906963000 -0.03132722120960162300 -0.99300906460040839000 0.00457132232385024790 -0.11794956817908751000 -0.11774438305542417000 0.03208980650060196100 0.99252531684468948000 -0.06009887911208734700 -0.01563536395948961200 0.56423080513614021000
temple0015.png 1520.400000 0.000000 302.320000 0.000000 1525.900000 246.870000 0.000000 0.000000 1.000000 0.00745010831044154530 0.99946200871171520000 -0.03194039805804100400 -0.96846405882348463000 -0.00074325789434934566 -0.24915219110985987000 -0.24904188935459098000 0.03278933835328044100 0.96793749624500525000 -0.06010578370381494700 -0.01500535377265941600 0.56299243193284298000
temple0016.png 1520.400000 0.000000 302.320000 0.000000 1525.900000 246.870000 0.000000 0.000000 1.000000 0.00666759174012943740 0.99944414152980365000 -0.03266421868253902700 -0.92663753008220306000 -0.00610364138745005290 -0.37590641575393097000 -0.37589683566577248000 0.03277428143479550100 0.92608175417340555000 -0.06011147020646080700 -0.01421590454212574800 0.56184907469544620000
temple0017.png 1520.400000 0.000000 302.320000 0.000000 1525.900000 246.870000 0.000000 0.000000 1.000000 0.00451744848021544410 0.99928883380842837000 -0.03743553505721326800 -0.49430884062748598000 -0.03031095235279428200 -0.86875774312806953000 -0.86927461871191136000 0.02242928427877000100 0.49382037672619677000 -0.06011892998434040200 -0.00845439282053204320 0.55819297972625992000
temple0018.png 1520.400000 0.000000 302.320000 0.000000 1525.900000 246.870000 0.000000 0.000000 1.000000 0.00449381910216094080 0.99924847199105826000 -0.03850060796159236700 -0.37404383441657651000 -0.03402653417762476600 -0.92678660160082338000 -0.92740013776407293000 0.01856572636322399000 0.37360982090917277000 -0.06011604035101272800 -0.00708369792605736530 0.55796556962866006000
temple0019.png 1520.400000 0.000000 302.320000 0.000000 1525.900000 246.870000 0.000000 0.000000 1.000000 0.00461245172641850180 0.99920658045522903000 -0.03955925762750589500 -0.24710474487948555000 -0.03719397918278116000 -0.96827467847227866000 -0.96897779662235584000 0.01424140047603347600 0.24673713171179856000 -0.06011174959948922800 -0.00569492603555562560 0.55792287979598687000
temple0020.png 1520.400000 0.000000 302.320000 0.000000 1525.900000 246.870000 0.000000 0.000000 1.000000 0.00487122939401516890 0.99916390675070932000 -0.04059259256133682100 -0.11575678546521076000 -0.03975676453700795900 -0.99248162012820662000 -0.99326564308998011000 0.00953347366958769670 0.11546633767830011000 -0.06010613429750766300 -0.00431285963436776020 0.55806567205989777000
temple0021.png 1520.400000 0.000000 302.320000 0.000000 1525.900000 246.870000 0.000000 0.000000 1.000000 0.00526553414443663420 0.99912121240180041000 -0.04158217260954793400 0.01765610241954488800 -0.04166915661235195300 -0.99897544686271722000 -0.99983025369185752000 0.00452596022648811030 -0.01785999682261825400 -0.06009929465171674800 -0.00296216208749009500 0.55839139825214246000
temple0022.png 1520.400000 0.000000 302.320000 0.000000 1525.900000 246.870000 0.000000 0.000000 1.000000 0.00578832970189852890 0.99907925927914421000 -0.04251033894829173200 0.15075319708339233000 -0.04289702922079340800 -0.98764027786090514000 -0.98855448449157213000 -0.00069178195042004023 -0.15086269462440041000 -0.06009135271399132500 -0.00166693627583122240 0.55889424586522152000
temple0023.png 1520.400000 0.000000 302.320000 0.000000 1525.900000 246.870000 0.000000 0.000000 1.000000 0.00643028663212688500 0.99903879604805523000 -0.04336052818729257300 0.28115934330743286000 -0.04341847062908638800 -0.95867839241278607000 -0.95963955477291651000 -0.00602664077936178150 -0.28116828504679309000 -0.06008245021045159600 -0.00045029586955790384 0.55956524144155850000
temple0024.png 1520.400000 0.000000 302.320000 0.000000 1525.900000 246.870000 0.000000 0.000000 1.000000 0.01308847682528127600 0.99885150004555567000 -0.04609091701341420200 0.93927610802339279000 -0.02808954467220991700 -0.34201077523454665000 -0.34291264874720179000 -0.03881569704193503500 -0.93856499881059197000 -0.06000798005568980200 0.00430897183534772500 0.56765016007598579000
temple0025.png 1520.400000 0.000000 302.320000 0.000000 1525.900000 246.870000 0.000000 0.000000 1.000000 0.01414331593280255400 0.99884423212062357000 -0.04593654943274364700 0.97658669658034036000 -0.02366162716875707500 -0.21381896890132296000 -0.21465877731116217000 -0.04183691383322514500 -0.97579264291353829000 -0.05999790432943062600 0.00430519954338218040 0.56903955290947950000
temple0026.png 1520.400000 0.000000 302.320000 0.000000 1525.900000 246.870000 0.000000 0.000000 1.000000 0.01516822169515627900 0.99884264814658297000 -0.04564306403089212600 0.99646933902146695000 -0.01887053418862871500 -0.08180928632836333100 -0.08257591319947317500 -0.04424101245402645800 -0.99560230583115639000 -0.05998853562365262500 0.00411626909045480740 0.57041605071581636000
temple0027.png 1520.400000 0.000000 302.320000 0.000000 1525.900000 246.870000 0.000000 0.000000 1.000000 0.01614490437974924100 0.99884677638989772000 -0.04521569813768747100 0.99856922398083869000 -0.01380176413826811700 0.05166252244109907600 0.05097888759941908400 -0.04598509108593063600 -0.99764047853770654000 -0.05998004112555456500 0.00374555199382083610 0.57175508950314680000
temple0028.png 1520.400000 0.000000 302.320000 0.000000 1525.900000 246.870000 0.000000 0.000000 1.000000 0.02187598221295043000 0.98329680886213122000 -0.18068986436368856000 0.99856708067455469000 -0.01266114646423925600 0.05199500709979997700 0.04883878372068499500 -0.18156839221560722000 -0.98216479887691122000 -0.05885605236275107100 0.00367132101070460210 0.58053175847405269000
temple0029.png 1520.400000 0.000000 302.320000 0.000000 1525.900000 246.870000 0.000000 0.000000 1.000000 0.00272557078828676410 0.98353557606148900000 -0.18069405603193772000 0.99651741905514424000 -0.01773058775937118300 -0.08147797111723514800 -0.08334029507718225500 -0.17984270037758626000 -0.98015865977776562000 -0.05904718709309755800 0.00404254283603822790 0.57920654525820348000
temple0030.png 1520.400000 0.000000 302.320000 0.000000 1525.900000 246.870000 0.000000 0.000000 1.000000 -0.01625331773280620100 0.98386957700862299000 -0.17814736905031653000 0.97668439268305030000 -0.02252259937820530100 -0.21349550254417543000 -0.21406407160478280000 -0.17746376518636725000 -0.96056399333613396000 -0.05924409541808607600 0.00423199155718598060 0.57784424389905154000
temple0031.png 1520.400000 0.000000 302.320000 0.000000 1525.900000 246.870000 0.000000 0.000000 1.000000 -0.03472199972816788400 0.98429285136236500000 -0.17309524976677537000 0.93942192751145170000 -0.02695166652093134900 -0.34170169707277304000 -0.34099974317519038000 -0.17447403941185566000 -0.92373047190496216000 -0.05944326345308284500 0.00423628640824996910 0.57646916504883960000
temple0032.png 1520.400000 0.000000 302.320000 0.000000 1525.900000 246.870000 0.000000 0.000000 1.000000 -0.05235090589954815400 0.98479784589115438000 -0.16562785206491965000 0.88539496349116698000 -0.03093875352325572600 -0.46380874523331522000 -0.46188217250287084000 -0.17092687400923678000 -0.87031538103463302000 -0.05964113709121958400 0.00405535074862034550 0.57510584666711573000
temple0033.png 1520.400000 0.000000 302.320000 0.000000 1525.900000 246.870000 0.000000 0.000000 1.000000 -0.12459423323539082000 0.98895928871004091000 -0.08022345242268591500 0.28153512590579682000 -0.04229297064421112100 -0.95861842122676455000 -0.95142748011905343000 -0.14202404693648824000 -0.27315731761402628000 -0.06061284491958134100 -0.00051995494204833993 0.56846714457728675000
temple0034.png 1520.400000 0.000000 302.320000 0.000000 1525.900000 246.870000 0.000000 0.000000 1.000000 -0.12902889964175443000 0.98972522526380413000 -0.06160780416270468500 0.15113946088460242000 -0.04177353409104934300 -0.98762940175607139000 -0.98005530783764949000 -0.13674410526986550000 -0.14419654383234767000 -0.06071173703916238300 -0.00173634666082642630 0.56780296106997652000
temple0035.png 1520.400000 0.000000 302.320000 0.000000 1525.900000 246.870000 0.000000 0.000000 1.000000 -0.13094087941651120000 0.99047594118902094000 -0.04256637197781731200 0.01804620524972981900 -0.04054762015799551900 -0.99901462700783672000 -0.99122591802964632000 -0.13158001529581215000 -0.01256499108788178600 -0.06078669880601844700 -0.00303138726230027130 0.56730518675004260000
temple0036.png 1520.400000 0.000000 302.320000 0.000000 1525.900000 246.870000 0.000000 0.000000 1.000000 -0.13029605274095349000 0.99119803974812748000 -0.02343895559951655200 -0.11536955428847780000 -0.03863710562518051000 -0.99257092442413708000 -0.98473996800343433000 -0.12662393165740077000 0.11938833840965069000 -0.06083639250626317300 -0.00438196638143114200 0.56698270454071353000
temple0037.png 1520.400000 0.000000 302.320000 0.000000 1525.900000 246.870000 0.000000 0.000000 1.000000 -0.12710592639585813000 0.99187863526170994000 -0.00456687928660556850 -0.24672704479464908000 -0.03607608317631801800 -0.96841328036616370000 -0.96071319801590616000 -0.12196429450467509000 0.24930876844593125000 -0.06085993136747169800 -0.00576398325062580860 0.56684126906137433000
temple0038.png 1520.400000 0.000000 302.320000 0.000000 1525.900000 246.870000 0.000000 0.000000 1.000000 -0.12142742908621770000 0.99250558231074071000 0.01371307943275649300 -0.37368215477705607000 -0.03291025497981744900 -0.92697279481025718000 -0.91957437255867858000 -0.11768425637773697000 0.37487783227890548000 -0.06085689533202227900 -0.00715277538880034100 0.56688340426807182000
temple0039.png 1520.400000 0.000000 302.320000 0.000000 1525.900000 246.870000 0.000000 0.000000 1.000000 -0.11336189346759781000 0.99306769310348053000 0.03107471678989884300 -0.49396938490232206000 -0.02919611501518744300 -0.86898897210910642000 -0.86205761285929272000 -0.11386019401947006000 0.49385476440871356000 -0.06082733858282753100 -0.00852355994928265250 0.56710835822676209000
temple0040.png 1520.400000 0.000000 302.320000 0.000000 1525.900000 246.870000 0.000000 0.000000 1.000000 0.11541167827420966000 0.99138900083137627000 0.06187078105613172400 -0.68405289691836879000 0.03416081723372646500 0.72863205583031487000 0.72024424935956100000 -0.12641553542381334000 0.68210507523987296000 -0.05863424055436991500 -0.01510911473843847700 0.58234944700298474000
temple0041.png 1520.400000 0.000000 302.320000 0.000000 1525.900000 246.870000 0.000000 0.000000 1.000000 0.12777196254899612000 0.99067700959105598000 0.04725873733079036200 -0.58073706790091917000 0.03610343749372974000 0.81329023095508723000 0.80400173106295025000 -0.13136058948124074000 0.57993586885009962000 -0.05846798872968923800 -0.01432631470601727200 0.58348527847797260000
temple0042.png 1520.400000 0.000000 302.320000 0.000000 1525.900000 246.870000 0.000000 0.000000 1.000000 0.13807231488914926000 0.98993281310425651000 0.03112975105337044400 -0.46705847237686349000 0.03736281839816532600 0.88343670015589459000 0.87337988254947896000 -0.13651756422101491000 0.46751527827122269000 -0.05831784630360391200 -0.01339749522449546600 0.58450766774769569000
temple0043.png 1520.400000 0.000000 302.320000 0.000000 1525.900000 246.870000 0.000000 0.000000 1.000000 0.14612892702451932000 0.98916969148300282000 0.01377164253398251200 -0.34504569459932793000 0.03791648656454157900 0.93781971011760457000 0.92714066102459869000 -0.14179443394584298000 0.34684943877257168000 -0.05818649254830701700 -0.01233923100547310700 0.58539837040847342000
temple0044.png 1520.400000 0.000000 302.320000 0.000000 1525.900000 246.870000 0.000000 0.000000 1.000000 0.15179802911763335000 0.98840126254897120000 -0.00450583483961328880 -0.21687603817600701000 0.03775456170465282800 0.97546879864789560000 0.96432470798019132000 -0.14709703349180536000 0.22009161800675056000 -0.05807627146146707200 -0.01117040663777968700 0.58614149193894027000
temple0045.png 1520.400000 0.000000 302.320000 0.000000 1525.900000 246.870000 0.000000 0.000000 1.000000 0.15497845444162242000 0.98764123913336677000 -0.02337651432514656000 -0.08483672679970129200 0.03687993341332458700 0.99571210713606428000 0.98426846360370535000 -0.15233073647342665000 0.08950384506078289100 -0.05798914996948692500 -0.00991188012213951170 0.58672377112565044000
temple0046.png 1520.400000 0.000000 302.320000 0.000000 1525.900000 246.870000 0.000000 0.000000 1.000000 0.15561344905257055000 0.98690318367577234000 -0.04250365307344607100 0.04871602898881084000 0.03530820922726550500 0.99818839849034746000 0.98661603625398486000 -0.15740214868860103000 -0.04258357188737407100 -0.05792668273495602000 -0.00858610956902809700 0.58713481733309458000
temple0047.png 1520.400000 0.000000 302.320000 0.000000 1525.900000 246.870000 0.000000 0.000000 1.000000 0.15369168129242777000 0.98620026698413343000 -0.06154592189520560800 0.18139894256925762000 0.03306743700817096200 0.98285348259263228000 0.97132553283451883000 -0.16222076935502000000 -0.17381349560262413000 -0.05788998450330500000 -0.00721675372814420750 0.58736729532568954000
temple0048.png 1520.400000 0.000000 302.320000 0.000000 1525.900000 246.870000 0.000000 0.000000 1.000000 0.14924744465611009000 0.98554503244193847000 -0.08016351596979645600 0.31084431847048910000 0.03019760281070211000 0.94998100742020297000 0.93866980879233486000 -0.16670061131713207000 -0.30184415887715305000 -0.05787971014586984500 -0.00582824843327655210 0.58741705658818655000
temple0049.png 1520.400000 0.000000 302.320000 0.000000 1525.900000 246.870000 0.000000 0.000000 1.000000 0.14236004780071046000 0.98494917289452277000 -0.09802419907642616300 0.43474216742556909000 0.02674991963607963000 0.90015759157026587000 0.88923161473954448000 -0.17076173053075644000 -0.42439081839012904000 -0.05789604301145877300 -0.00444537195329644180 0.58728321311681209000
temple0050.png 1520.400000 0.000000 302.320000 0.000000 1525.900000 246.870000 0.000000 0.000000 1.000000 0.13315239470762694000 0.98442332131574717000 -0.11480925151440334000 0.55088156138098920000 0.02278591058187676500 0.83427232221223668000 0.82389316365295051000 -0.17433165727608951000 -0.53926665774670712000 -0.05793869164391632400 -0.00309280139462590670 0.58696815331691898000
temple0051.png 1520.400000 0.000000 302.320000 0.000000 1525.900000 246.870000 0.000000 0.000000 1.000000 0.12178879854502510000 0.98397686167544829000 -0.13021913928564777000 0.65718996007304553000 0.01837631450844677200 0.75350094057292005000 0.74382043863297265000 -0.17734668520280353000 -0.64442168517161924000 -0.05800689496635937100 -0.00179467376062679080 0.58647749951955708000
